%YAML:1.0
---
RotationVectors01: !!opencv-matrix
   rows: 3
   cols: 3
   dt: d
   data: [ 3.2724386348288909e-01, 6.2589439165753447e-01,
       -7.0793196304760619e-01, 8.3271424496758795e-01,
       1.6311018754884973e-01, 5.2913330356899568e-01,
       4.4665248240757838e-01, -7.6266065665499227e-01,
       -4.6781436783164726e-01 ]
RotationVectors02: !!opencv-matrix
   rows: 3
   cols: 3
   dt: d
   data: [ 4.2482793685278103e-01, 6.2699541972061157e-01,
       -6.5299155256311214e-01, 6.9977531000671067e-01,
       2.3016603198351274e-01, 6.7626778218837003e-01,
       5.7431327650892905e-01, -7.4424481279370613e-01,
       -3.4097495370663156e-01 ]
RotationVectors03: !!opencv-matrix
   rows: 3
   cols: 3
   dt: d
   data: [ 4.6800921787953076e-01, 5.7127935518038253e-01,
       -6.7424570471340517e-01, 7.4770704925657383e-01,
       1.5071449839913720e-01, 6.4669877722501068e-01,
       4.7106426363269949e-01, -8.0679925527790541e-01,
       -3.5661382644423595e-01 ]
RotationVectors04: !!opencv-matrix
   rows: 3
   cols: 3
   dt: d
   data: [ 4.2062809213565588e-01, 6.6579225575036272e-01,
       -6.1627321886413466e-01, 7.3201913559771459e-01,
       1.5220552915256194e-01, 6.6406435080808501e-01,
       5.3592909346768347e-01, -7.3044790990065278e-01,
       -4.2335075020209301e-01 ]
RotationVectors05: !!opencv-matrix
   rows: 3
   cols: 3
   dt: d
   data: [ 4.2674644856271454e-01, 6.5479333215598468e-01,
       -6.2380538696229038e-01, 7.3370345915948842e-01,
       1.5260288781303724e-01, 6.6211146542596777e-01,
       5.2874067618872611e-01, -7.4024188667974189e-01,
       -4.1530139242278580e-01 ]
RotationVectors06: !!opencv-matrix
   rows: 3
   cols: 3
   dt: d
   data: [ 2.7822142981787418e-01, 6.5427538125094675e-01,
       -7.0321871525082846e-01, 8.5248438117049996e-01,
       1.6913082277473843e-01, 4.9463637618748751e-01,
       4.4256436351162226e-01, -7.3710141112093130e-01,
       -5.1070372416214516e-01 ]
RotationVectors07: !!opencv-matrix
   rows: 3
   cols: 3
   dt: d
   data: [ 3.6544334678463292e-01, 3.6100687953489718e-01,
       -8.5797738502790544e-01, 9.0971603882126373e-01,
       5.6706155257621738e-02, 4.1134066255021201e-01,
       1.9714940781598991e-01, -9.3083749649677028e-01,
       -3.0769086127707757e-01 ]
RotationVectors08: !!opencv-matrix
   rows: 3
   cols: 3
   dt: d
   data: [ 4.9860387328626221e-01, 4.7599762161894327e-01,
       -7.2444491975376979e-01, 8.3606870815838952e-01,
       -4.3414182104946589e-02, 5.4690430975676207e-01,
       2.2887396702617505e-01, -8.7837433535211362e-01,
       -4.1961319594649737e-01 ]
RotationVectors09: !!opencv-matrix
   rows: 3
   cols: 3
   dt: d
   data: [ 3.5381639292979539e-01, -5.2828466559607012e-01,
       -7.7183500321648879e-01, -2.3484067473592227e-01,
       -8.4895588683804601e-01, 4.7341710963230255e-01,
       -9.0535286909785917e-01, 1.3755518858812151e-02,
       -4.2443723695877505e-01 ]
RotationVectors10: !!opencv-matrix
   rows: 3
   cols: 3
   dt: d
   data: [ 4.8761724334740714e-01, -4.0465416919470559e-01,
       -7.7361775273297484e-01, 2.6327445895543030e-02,
       -8.7888340737502446e-01, 4.7630958612386154e-01,
       -8.7266046638019135e-01, -2.5262414689457097e-01,
       -4.1790519358210609e-01 ]
RotationVectors11: !!opencv-matrix
   rows: 3
   cols: 3
   dt: d
   data: [ 6.6180023023640877e-01, 3.4559845214552054e-01,
       -6.6526849101220531e-01, 7.4613565197605924e-01,
       -2.1745185898089517e-01, 6.2928235147349709e-01,
       7.2815136539715067e-02, -9.1283974436938997e-01,
       -4.0177301675240645e-01 ]
RotationVectors12: !!opencv-matrix
   rows: 3
   cols: 3
   dt: d
   data: [ -2.1808241473952117e-01, 6.9851636380447923e-01,
       -6.8155333604843271e-01, 3.2549265607448519e-01,
       7.1043604331592458e-01, 6.2396727414119280e-01,
       9.2005140683711595e-01, -8.5764315743682512e-02,
       -3.8229555441053914e-01 ]
RotationVectors13: !!opencv-matrix
   rows: 3
   cols: 3
   dt: d
   data: [ -2.2604705982401399e-01, 6.1221466817200554e-01,
       -7.5769118169605221e-01, 5.8772550627704374e-02,
       7.8497853990727440e-01, 6.1672885385536946e-01,
       9.7234176812355044e-01, 9.4878300786243916e-02,
       -2.1342350855114928e-01 ]
RotationVectors14: !!opencv-matrix
   rows: 3
   cols: 3
   dt: d
   data: [ -6.1754448245929261e-01, 1.9852630494849188e-01,
       -7.6106906285013498e-01, -6.0267181958049842e-01,
       5.0232005900624477e-01, 6.2004938206847204e-01,
       5.0539636926635656e-01, 8.4158295168299424e-01,
       -1.9055877143003222e-01 ]
RotationVectors15: !!opencv-matrix
   rows: 3
   cols: 3
   dt: d
   data: [ 3.6470899253636896e-01, 6.6628804859944135e-01,
       -6.5042108441889812e-01, 8.6803802002473207e-01,
       9.4446937320951958e-03, 4.9640789029975113e-01,
       3.3689367247642044e-01, -7.4563465185964606e-01,
       -5.7491879373655452e-01 ]
