%YAML:1.0
---
RotationMatrix: !!opencv-matrix
   rows: 3
   cols: 3
   dt: d
   data: [ 9.9999299435904443e-01, -2.8098538114541675e-03,
       -2.4730455698445393e-03, 2.8096455481204353e-03,
       9.9999604909394613e-01, -8.7683476546133820e-05,
       2.4732821768246008e-03, 8.0734480791566719e-05,
       9.9999693817392132e-01 ]
TranslationVector: !!opencv-matrix
   rows: 3
   cols: 1
   dt: d
   data: [ -3.2792002135115482e+01, -7.2053581594940468e+01,
       3.9512074568437008e+01 ]
